values = [0.682, 0.580, 0.683, 0.604, 0.613, 0.638, 0.599, 0.591, 0.594, 0.613;
